471
303
988
347
732
052
055
867
143
267
778
197
108
182
603
539
093
917
523
736
632
399
774
050
909
539
131
696
211
882
860
211
169
160
416
812
219
436
837
873
972
895
035
747
699
935
731
779
839
086
051
865
199
906
453
301
049
323
353
376
802
529
928
109
224
017
378
757
767
089
086
982
203
491
652
245
822
611
281
963
993
197
864
561
932
352
968
219
609
270
035
564
029
216
722
784
397
370
703
862
658
426
920
211
591
795
417
190
958
081
368
404
678
607
261
283
366
319
253
683
014
373
451
833
254
566
789
514
139
798
766
506
245
153
392
412
832
476
787
291
861
739
851
516
919
570
971
852
498
707
701
879
160
252
797
035
066
050
261
178
574
202
000
705
112
378
867
815
682
913
601
796
722
539
645
992
679
113
799
029
723
366
857
947
154
613
460
525
672
271
985
655
017
956
197
968
882
256
461
595
325
695
980
933
671
888
855
437
767
251
914
581
936
605
476
983
632
343
341
123
025
884
913
054
021
789
117
683
565
540
963
562
132
362
358
375
330
886
431
234
115
050
960
919
556
757
450
323
261
482
365
948
988
597
662
489
535
528
234
712
463
452
751
846
951
848
711
080
651
365
611
523
080
473
922
425
299
616
917
339
685
154
998
413
066
480
483
154
091
688
120
648
726
956
101
395
292
072
281
643
199
632
731
102
622
137
626
649
099
480
520
229
033
023
515
201
830
919
207
907
162
847
813
167
902
542
990
468
935
531
698
322
240
388
371
484
620
156
987
487
123
789
484
731
816
137
470
024
990
413
202
644
687
506
154
290
466
253
568
951
146
761
948
229
118
702
432
471
146
506
869
706
584
786
307
416
291
656
180
212
253
743
103
074
734
285
241
418
830
338
866
053
869
720
588
222
207
859
827
148
738
978
668
308
270
677
037
027
931
559
591
811
013
868
652
632
007
569
242
481
205
601
010
553
964
669
665
133
483
046
030
531
981
953
381
475
281
435
175
471
732
346
491
453
000
660
603
517
007
123
650
283
831
918
078
009
774
651
427
393
157
858
872
683
657
675
262
806
858
371
779
445
125
708
061
142
025
560
226
435
139
692
951
848
844
495
093
832
271
031
518
947
649
468
305
940
530
297
730
790
589
831
961
711
473
621
279
074
596
518
918
812
520
177
053
382
096
046
859
780
994
429
683
757
032
635
868
489
246
222
863
036
487
974
103
227
144
182
299
294
334
394
301
708
610
295
073
047
583
703
118
560
905
375
212
713
001
763
675
781
332
406
139
830
605
391
575
812
224
121
765
296
438
733
454
024
647
847
568
214
913
318
158
256
125
329
149
139
144
601
302
027
721
607
372
729
211
222
989
596
411
293
270
413
054
168
151
817
863
679
192
242
799
121
717
529
389
011
437
452
947
110
138
460
575
672
064
922
425
855
230
295
766
321
491
515
164
625
492
828
000
975
016
289
543
473
995
433
408
549
037
750
734
443
218
213
435
840
920
128
921
842
760
303
274
680
922
389
320
832
221
339
127
634
876
156
143
855
362
347
238
269
251
862
104
852
167
517
551
447
129
669
877
684
996
925
582
507
888
848
090
389
987
768
665
542
348
705
177
709
539
865
280
647
660
282
859
603
477
283
612
433
923
605
177
330
566
759
495
658
623
975
463
312
134
532
051
377
403
709
244
177
170
704
533
092
885
285
851
946
988
987
591
435
349
919
906
225
692
167
814
672
522
873
549
141
231
359
176
261
613
071
514
959
164
925
684
726
294
830
673
782
697
333
358
682
320
238
513
948
390
451
031
483
536
815
422
602
738
426
628
607
018
867
642
044
710
981
356
404
019
687
259
747
958
297
271
572
588
629
890
964
743
406
565
304
518
638
665
724
197
129
877
091
154
400
132
063
056
044
059
213
338
344
479
240
232
227
616
122
479
352
032
386
271
002
777
263
234
402
473
536
266
655
038
108
453
199
318
106
447
504
052
487
497
664
803
820
013
216
148
482
168
964
130
458
376
572
999
965
564
938
257
009
560
165
747
945
626
745
586
198
350
526
245
520
295
342
750
741
550
707
367
785
234
442
445
713
979
609
226
614
123
411
729
232
197
887
419
758
573
920
642
390
879
926
520
187
276
972
334
329
051
096
747
371
859
049
379
074
283
497
384
461
579
103
457
798
286
500
967
496
418
700
099
577
326
066
617
873
275
358
624
261
695
882
019
254
743
298
157
166
387
648
201
576
597
588
268
327
014
864
858
983
302
102
131
004
853
768
